4675 4725 4584 4634 
4768 4675 4674 4584 
4725 4817 4634 4724 
4818 4725 4769 4675 
4858 4768 4767 4674 
4769 4675 4859 4768 
4909 4816 4817 4724 
4910 4817 4818 4725 
4948 4858 4857 4767 
4859 4768 4949 4858 
4996 4908 4909 4816 
4997 4909 4910 4817 
4948 4857 5032 4947 
4949 4858 5033 4948 
5077 4995 4996 4908 
5078 4996 4997 4909 
5032 4947 5113 5031 
5033 4948 5114 5032 
5158 5076 5077 4995 
5159 5077 5078 4996 
5113 5031 5197 5112 
5114 5032 5198 5113 
5158 5240 5076 5157 
5241 5158 5159 5077 
5277 5197 5196 5112 
5198 5113 5278 5197 
5240 5319 5157 5239 
5320 5240 5241 5158 
5367 5277 5276 5196 
5278 5197 5368 5277 
5319 5408 5239 5318 
5409 5319 5320 5240 
5456 5367 5366 5276 
5368 5277 5457 5367 
5408 5498 5318 5407 
5499 5408 5409 5319 
5545 5456 5455 5366 
5457 5367 5546 5456 
5498 5589 5407 5497 
5590 5498 5499 5408 
5545 5455 5635 5544 
5546 5456 5636 5545 
5589 5681 5497 5588 
5682 5589 5590 5498 
5728 5635 5634 5544 
5636 5545 5729 5635 
5681 5780 5588 5680 
5781 5681 5682 5589 
5824 5728 5727 5634 
5729 5635 5825 5728 
5780 5876 5680 5779 
5877 5780 5781 5681 
5918 5824 5823 5727 
5825 5728 5919 5824 
5876 5980 5779 5875 
5981 5876 5877 5780 
6023 5918 5917 5823 
5919 5824 6024 5918 
5980 6082 5875 5979 
6083 5980 5981 5876 
6023 5917 6124 6022 
6024 5918 6125 6023 
6182 6081 6082 5979 
6183 6082 6083 5980 
6124 6022 6227 6123 
6125 6023 6228 6124 
6282 6181 6182 6081 
6283 6182 6183 6082 
6227 6123 6326 6226 
6228 6124 6327 6227 
6380 6281 6282 6181 
6381 6282 6283 6182 
6326 6226 6423 6325 
6424 6327 6326 6227 
6486 6379 6380 6281 
6487 6380 6381 6282 
6423 6325 6526 6422 
6527 6424 6423 6326 
6486 6583 6379 6485 
6584 6486 6487 6380 
6526 6422 6622 6525 
6623 6527 6526 6423 
6583 6677 6485 6582 
6678 6583 6584 6486 
6713 6622 6621 6525 
6623 6526 6714 6622 
6677 6765 6582 6676 
6766 6677 6678 6583 
6800 6713 6712 6621 
6714 6622 6801 6713 
6765 6852 6676 6764 
6853 6765 6766 6677 
6885 6800 6799 6712 
6886 6801 6800 6713 
6852 6934 6764 6851 
6935 6852 6853 6765 
6964 6885 6884 6799 
6965 6886 6885 6800 
6934 7010 6851 6933 
7011 6934 6935 6852 
7039 6964 6963 6884 
7040 6965 6964 6885 
7082 7009 7010 6933 
7083 7010 7011 6934 
7109 7039 7038 6963 
7110 7040 7039 6964 
7150 7081 7082 7009 
7151 7082 7083 7010 
7178 7109 7108 7038 
7179 7110 7109 7039 
7219 7149 7150 7081 
7220 7150 7151 7082 
7244 7178 7177 7108 
7245 7179 7178 7109 
7284 7218 7219 7149 
7285 7219 7220 7150 
7309 7244 7243 7177 
7310 7245 7244 7178 
7284 7346 7218 7283 
7347 7284 7285 7219 
7370 7309 7308 7243 
7371 7310 7309 7244 
7346 7402 7283 7345 
7403 7346 7347 7284 
7426 7370 7369 7308 
7427 7371 7370 7309 
7402 7456 7345 7401 
7403 7457 7346 7402 
7480 7426 7425 7369 
7481 7427 7426 7370 
7456 7508 7401 7455 
7457 7509 7402 7456 
7480 7425 7530 7479 
7531 7481 7480 7426 
7508 7556 7455 7507 
7509 7557 7456 7508 
7530 7479 7577 7529 
7578 7531 7530 7480 
7556 7601 7507 7555 
7557 7602 7508 7556 
7620 7577 7576 7529 
7621 7578 7577 7530 
7601 7641 7555 7600 
7602 7642 7556 7601 
7659 7620 7619 7576 
7660 7621 7620 7577 
7641 7678 7600 7640 
7642 7679 7601 7641 
7694 7659 7658 7619 
7695 7660 7659 7620 
7678 7712 7640 7677 
7679 7713 7641 7678 
7726 7694 7693 7658 
7727 7695 7694 7659 
7712 7741 7677 7711 
7713 7742 7678 7712 
7726 7693 7753 7725 
7754 7727 7726 7694 
7741 7767 7711 7740 
7742 7768 7712 7741 
7753 7725 7777 7752 
7778 7754 7753 7726 
7767 7789 7740 7766 
7768 7790 7741 7767 
7777 7752 7797 7776 
7798 7778 7777 7753 
7808 7788 7789 7766 
7790 7809 7767 7789 
7797 7776 7814 7796 
7815 7798 7797 7777 
7823 7807 7808 7788 
7809 7824 7789 7808 
7814 7796 7828 7813 
7829 7815 7814 7797 
7823 7835 7807 7822 
7824 7836 7808 7823 
7828 7813 7839 7827 
7840 7829 7828 7814 
7835 7844 7822 7834 
7836 7845 7823 7835 
7847 7839 7838 7827 
7840 7828 7848 7839 
7844 7850 7834 7843 
7845 7851 7835 7844 
7852 7847 7846 7838 
7848 7839 7853 7847 
7854 7852 7849 7846 
7850 7854 7843 7849 
7851 7855 7844 7850 
7856 7853 7852 7847 
7857 7856 7854 7852 
7855 7857 7850 7854 